# Created by Octave 3.8.0, Wed Jan 07 21:01:17 2015 PST <ramgoli@Rams-iMac.hsd1.ca.comcast.net>
# name: Xtrain
# type: matrix
# rows: 495
# columns: 3
 13.13 5.41 2.32
 11.36 2.25 1.8
 15.76 9.34 2.4
 16.17 5.72 2.9
 9.529999999999999 2.48 2.3
 5.3 2.74 2.28
 8.460000000000001 3.04 2.06
 6 2.85 1.66
 3.45 1.7 1.2
 3.72 1.16 1.24
 5.18 1.95 1.78
 9.300000000000001 3 2.1
 7.8 4.68 1.83
 11.2 3.7 2.1
 12.09 3.19 2.5
 8.279999999999999 3.18 1.95
 17.05 6.66 3.04
 4.3 1.88 1.8
 3.79 1.29 1.6
 5.6 2.12 1.75
 9.5 3.5 2
 11.41 2.78 2.3
 6.03 2.1 1.9
 4.68 1.76 1.95
 5.13 2.1 1.5
 17.35 6.97 2.83
 9.43 2.23 2.03
 8.16 2.13 2
 9.34 4.64 2.39
 9.300000000000001 4.2 1.97
 6.88 2.29 1.8
 9.43 3.53 2.32
 5.34 1.25 1.3
 5.94 1.75 2.06
 9.800000000000001 2.9 1.7
 10.91 3.02 2.1
 4.59 1.77 1.6
 8.01 2.35 1.27
 5.14 1.2 1.7
 5.63 2.64 1.8
 3.85 2.49 1.28
 8.16 1.99 2.09
 3.76 1.97 1.3
 11.89 5.23 1.96
 12.35 6.2 3.68
 11.89 2.93 2.02
 7 2.05 1.9
 5.63 2.32 1.9
 4.81 2.37 2.31
 4.75 1.59 1.82
 4.32 1.38 1.4
 6.48 2.83 1.9
 5.68 2.67 1.78
 11.36 4.76 2.34
 4.87 2.45 1.93
 3.24 1.2 1.3
 5.41 1.95 1.58
 6.1 3 2
 9.67 3.41 2.55
 13.43 8.52 3.5
 6.75 2.41 1.89
 3.53 1.12 1.2
 5.18 2.37 2.21
 13.86 7.73 2.66
 5.23 1.74 1.75
 8.970000000000001 2.78 1.9
 5.38 1.5 1.35
 4.57 2.03 1.81
 11.04 2.41 1.8
 17.76 9.24 3.35
 9.19 1.48 1.7
 11.61 2.39 1.85
 15.99 4.38 3.07
 3.63 1.6 1.5
 9.81 3.36 2.6
 8.460000000000001 2.8 2.6
 11.36 3.6 1.8
 7.65 2 2.1
 5.94 2.27 1.59
 12.07 4.94 1.95
 3.7 1.49 1.55
 11.32 2.15 2.5
 18.15 8.27 2.95
 17.36 7.41 2.7
 6.54 1.48 1.6
 8.789999999999999 3.25 2.14
 11.89 5.74 2.19
 4.41 2.27 1.7
 9.44 2.9 1.56
 11.56 7.24 3.42
 11.84 3.42 2.1
 6.53 2.71 1.6
 9.6 3.1 2.4
 8.84 3.39 1.83
 16.86 6.51 2.25
 6.81 2.2 1.8
 11.36 3.39 2.1
 9.550000000000001 2.82 2.55
 9.43 2.21 2
 5.57 2.56 1.9
 5.13 2.08 2.2
 3.2 1.28 1.7
 8.49 1.52 1.8
 7.85 28.91 2.93
 8.67 4.27 2.28
 11.36 2.69 2.1
 7.83 1.85 1.7
 9.119999999999999 1.58 1.9
 8.699999999999999 1.91 1.99
 9.6 1.6 1.9
 7.46 2.11 2.1
 9.720000000000001 2.64 2.2
 9.699999999999999 3.1 2.1
 6.57 2.1 2
 8.460000000000001 2.7 2.07
 5.84 2.66 1.87
 5.82 1.93 1.97
 8.720000000000001 3.66 1.9
 3.86 1.08 1.4
 9.789999999999999 1.84 2
 11.18 4.67 2.55
 8.33 2.26 1.85
 6.41 3.31 1.86
 5.3 2.02 1.68
 13.03 7.75 2.24
 5.27 2.1 1.58
 11.76 8.99 3.17
 12.06 3.27 2.07
 3.38 1.48 1.4
 8.890000000000001 1.86 2.5
 9.380000000000001 2.47 2.1
 8.640000000000001 4.83 2.27
 9.4 3.1 1.59
 9.33 2.24 2.07
 4.71 1.9 1.78
 8.27 2.92 2.4
 8.5 2.28 1.7
 5.51 2.48 1.62
 11.26 8.550000000000001 2.83
 8.6 2.3 2.4
 5.12 2.33 1.88
 8.09 2.11 2.1
 8.15 2.02 2.1
 9.5 2.9 1.83
 4.51 2.78 1.4
 9.1 3.6 2.16
 9.44 3.15 2
 5.84 2.38 2.08
 6.86 2.5 1.7
 7.7 35.08 2.55
 3.16 1.64 1.7
 18.33 10.71 3.17
 7.86 2.04 1.9
 11.8 4.19 2.86
 7.01 31.45 3.31
 8.5 3.25 2
 9.300000000000001 3.5 2.1
 5.84 1.53 1.61
 7.23 1.16 2.85
 6.94 2.66 1.7
 13.8 2.93 3.08
 5.71 2.2 1.82
 5.75 2.22 1.8
 7.74 33.64 3.57
 9.529999999999999 3.6 2.18
 9.58 2.55 2.08
 5.41 2.44 1.87
 12.85 7.9 2.67
 9.9 2.8 1.95
 5.55 2.62 2.14
 6.19 2.18 1.91
 18.26 7.83 3.03
 9.210000000000001 3.58 1.9
 7.48 2.16 1.44
 5.86 2.68 2.38
 9.33 2 2
 12.04 4.31 3.07
 12.12 7.89 4.01
 5.4 1.59 1.3
 5.95 4.18 1.66
 5.56 2.47 1.75
 11.83 3.08 2.75
 3.98 0.89 1.22
 6.51 3.49 1.97
 6.06 3.3 2
 9.5 2.5 1.6
 8.73 3.24 2.41
 5.68 1.87 1.8
 5.97 2.6 1.9
 9.1 3.7 2
 18.41 9.109999999999999 2.7
 11.78 1.97 1.8
 9.300000000000001 4.8 2.8
 11.28 3.2 1.9
 5.2 2.43 1.77
 9.24 2.54 1.9
 5.62 2.84 2.1
 5.1 1.8 1.1
 11.36 4.06 2.2
 12.43 6.53 3.09
 6.53 2.55 1.76
 5.99 1.73 1.65
 8.32 2.17 1.8
 9.5 2.9 2.1
 5.04 1.9 1.12
 9.529999999999999 1.93 2.1
 16.07 8.65 2.53
 8.619999999999999 3.2 2.18
 3.39 2.58 1.52
 6.39 1.38 1.66
 5.49 2.22 1.9
 5.97 2.66 2
 9.59 2.47 2.2
 9.81 2.64 2
 8.630000000000001 2.2 1.8
 5.2 2.17 1.84
 9.16 2.26 1.96
 7.12 1.99 1.6
 8.08 1.76 1.8
 3.38 1.66 1.2
 13.63 7.33 2.77
 15.94 5.11 2.32
 9.18 2.27 2.67
 9.26 2.76 2.28
 11.18 5.14 2.58
 13.13 7.4 2.61
 11.07 6.58 2.38
 9.699999999999999 2.48 2.3
 5.16 2.18 1.9
 4.62 2.11 1.96
 7.6 2.59 1.56
 8.130000000000001 2.84 2.03
 6.55 3.18 1.75
 11.06 4.7 2.54
 8.369999999999999 4.45 1.96
 8.98 2.1 1.9
 11.29 3.32 2.3
 4.66 1.95 2.27
 4.91 2.5 1.9
 9.41 3.09 2.24
 4.2 15.14 2.79
 9.27 1.89 1.9
 11.6 3.85 2
 4.98 2.02 1.1
 9.199999999999999 3 1.93
 8.83 4.11 2.2
 12.54 8.32 3.37
 5.95 4.18 1.66
 9.76 3.22 2.15
 5.26 1.67 1.58
 3.89 2.38 1.3
 11.36 3.17 1.9
 5.82 1.83 1.46
 4.36 1.78 2.08
 3.53 1.34 1.3
 11.53 5.16 2.1
 11.36 2.72 1.9
 9.74 4 2.21
 5.89 1.86 1.5
 4.61 1.96 2.19
 3.54 1.95 1.9
 7.44 1.73 2.1
 4.43 1.58 1.6
 8.15 3.18 2.26
 5.82 22.21 3.55
 5.04 2.8 2.26
 11.86 3.87 1.8
 9.35 2.63 2.31
 9.42 3.25 2.23
 3.73 1.33 1.14
 6.09 1.77 1.2
 3.64 1.91 1.46
 4.63 1.26 1.35
 7.59 2.49 1.42
 6.12 2.28 1.5
 7.04 2.13 1.7
 6.76 9.94 2.46
 7.67 4.82 1.94
 8.41 2.92 2.35
 10.8 2.29 2.3
 4.36 1.73 1.76
 10.47 2.13 2.2
 8.99 3.1 2
 4.77 3.02 2.25
 11.36 3.13 2.3
 3.76 1.48 1.34
 5.2 2.16 1.77
 12.5 8.73 3.2
 7.55 1.81 1.61
 11.12 2.61 1.8
 9.15 3.4 2.1
 3.37 1.8 1.4
 17.03 6.54 3.27
 9.4 2.5 1.76
 5.35 2.2 1.68
 9.75 2.68 2.17
 9.82 3.81 2.9
 7.21 32.76 2.55
 7.12 2.3 1.3
 15.43 4.95 2.7
 9.550000000000001 3.1 1.89
 7.28 2.1 1.4
 10.92 4.96 2.58
 5.17 1.48 1.6
 6.53 2.71 1.6
 17.45 11.84 3.16
 3.89 1.33 1.5
 18.29 7.33 2.45
 9 2.75 2.39
 5.6 2.01 2.2
 8.550000000000001 2.98 2.16
 5.86 2.33 2.08
 6.12 1.51 2.25
 5.94 2.03 1.95
 5.3 2 1.53
 11.65 3.67 2.1
 5.3 1.84 1.4
 9.300000000000001 3.4 2.3
 6.43 2.36 1.77
 5.89 1.78 1.86
 5.59 2.56 1.53
 6.39 1.38 1.66
 18.22 8.25 2.33
 9.32 3.36 1.5
 3.31 1.65 1.3
 12.35 8.220000000000001 3.53
 9.4 2.5 1.85
 9.4 2.8 2.03
 6.78 2.6 1.2
 7.08 1.68 1.8
 6.76 2.25 1.98
 5.68 2.34 2.19
 6.79 2.21 2.72
 9.08 3.76 2.29
 8.24 3.35 2.36
 17.06 6.83 2.38
 6.93 1.66 1.7
 9.41 3.84 2.05
 5.7 1.89 1.76
 3.26 1.17 1
 7.62 1.8 2.2
 9.23 2.98 2.23
 5.74 2 1.6
 8.6 3.49 2.11
 9.300000000000001 3.18 1.63
 5.51 2.08 1.86
 10.96 2.54 2
 3.76 1.57 1.47
 7.85 2.44 2.18
 6.52 2.2 1.65
 6.56 26.57 3
 9 2.9 2.8
 8.93 2.54 2.91
 9.720000000000001 2.2 2.16
 9.140000000000001 2.14 2.25
 11.36 4.38 2.2
 5.93 3.1 2.45
 9.800000000000001 2.6 2
 4.04 1.45 1.2
 9.18 2.29 1.8
 11.36 4.14 2.24
 8.550000000000001 3.12 2.37
 5.95 1.44 2.3
 17.8 5.66 2.78
 11.36 3.56 2.1
 11.95 6.18 1.99
 13.26 5.83 5.02
 9.41 2.3 1.9
 6.15 1.38 1.6
 8.56 2.95 1.9
 5.82 2.9 1.75
 9.5 2.4 1.34
 12.02 7.48 3.13
 8.34 2.75 2.03
 11.36 2.56 2.3
 3.79 1.66 1.2
 5.8 2.2 1.9
 8.91 2.23 2.2
 9.23 4.14 2
 7.66 1.86 2.1
 9.1 2.94 1.67
 8.83 3.13 2.25
 5.59 2.46 2.16
 12.3 7.47 2.76
 3.72 2.17 1.35
 9.67 2.45 2.1
 8.279999999999999 2.36 2.3
 11.36 4.65 2.19
 3.57 1.28 1.37
 11.75 2.87 2.4
 12.14 3.73 1.9
 5.49 1.91 1.5
 6.41 2.23 1.4
 11.59 1.91 2.1
 8.15 2.04 2.07
 8.199999999999999 2.78 2.29
 9.92 3.15 2.13
 8.66 2.35 2.04
 9.800000000000001 2.9 2.3
 9.6 3.6 1.83
 6.44 3.45 2.43
 5.27 2.14 1.3
 8.42 2.33 1.9
 11.83 6.86 2.61
 10.95 4.57 2.51
 3.41 1.33 1.3
 3.9 2.03 1.66
 9.31 2.83 2.21
 11.36 2.9 2.2
 9.23 3.6 2.46
 5.13 1.6 1.5
 13.1 5.28 1.94
 5.22 2.38 1.74
 16.82 4.85 2.7
 6.2 3 1.7
 5.12 1.8 1.7
 18.36 7.11 2.53
 18.27 12.05 3.48
 5.83 7.63 2.54
 8.449999999999999 2.1 2.3
 6 2.22 1.91
 4.97 2.23 1.74
 8.23 2.41 2.04
 3.97 1.13 1.45
 7.97 2.51 3.28
 4.72 2.22 1.5
 3.46 2.46 1.57
 5.33 1.77 1.46
 5.81 1.88 2.12
 9.17 2.26 2.05
 3.65 1.54 1.3
 3.78 1.85 1.3
 11.69 2.52 1.8
 17.93 7.63 2.98
 9.24 1.88 2
 9.5 2.46 2
 5.68 2.07 1.7
 8.68 3.53 2.1
 3.62 1.37 1.75
 6 2.33 2
 8.4 3.49 2.13
 9.44 2.65 2.08
 17.32 9.26 3.27
 3.77 1.48 1.5
 8.25 3.67 2.25
 5.39 1.85 1.64
 5.67 2.43 1.67
 17.67 7.43 2.58
 6.34 2.9 2.02
 9.550000000000001 3.41 2.23
 6.77 2.6 1.9
 12.09 4.06 2.7
 11.53 3.44 2.08
 11.95 3.07 1.94
 17.07 6.57 2.76
 18.42 10.02 3.81
 17.61 8.57 3.56
 5.18 2.02 1.5
 7.57 1.95 2.2
 8.279999999999999 2.56 1.9
 8.26 1.68 1.7
 8.970000000000001 3.42 1.88
 11.36 4.78 2.46
 6.92 1.84 2.2
 5.98 2.49 2.13
 6.19 15.72 3.8
 5.09 2.27 2.17
 8.08 2.2 2.4
 17.29 6.6 2.62
