# Created by Octave 3.8.0, Mon Feb 16 13:09:24 2015 PST <ramgoli@Rams-iMac.hsd1.ca.comcast.net>
# name: Theta1
# type: matrix
# rows: 50
# columns: 4
 -0.6739420092373477 0.1395929774445198 0.1555569293770558 -0.2448367723730235
 -0.4003156674848281 0.009055112551769972 0.2155473778831523 0.3341931818190163
 -0.5368280663411013 0.06301797225475436 0.17936133599913 0.08805814694019432
 0.1973690864767838 -0.08409436983291448 -0.1384713047619176 -0.03439107860066543
 0.6212786505721805 -0.1056750480232274 -0.149246874973952 0.1206015382842155
 0.7657582283207819 -0.1241409044138243 -0.1544802583358011 0.1653357272899061
 0.05383437144134724 0.2654350542886544 0.1876997384245707 0.01056469635553397
 -0.4876420296386412 0.06204285441532538 0.1787798378389494 0.08700320860718933
 -0.4728323883122839 0.01739460054876293 0.2158808887488752 0.302327502281503
 -1.288437124989352 -0.561230136192555 3.795552360983949 -1.180517172058021
 0.5346317407640044 -0.0910363876830412 -0.1500683731433149 0.0646207749628129
 0.8209874700959875 -0.1337441226153446 -0.1568910192689714 0.2008396332334881
 -2.009415845621458 0.4489804240650164 0.2931478641911374 -0.2992192265624246
 -0.6068104107518085 0.114381792408929 0.1538269483114048 -0.1330342630152359
 -0.4073040637689098 -0.01319759649581048 0.2330185629224483 0.4475966392763798
 -0.1911163371813466 0.08347690059965011 0.1438401834515654 0.09836535995268021
 0.4582632633083288 -0.08205254620582171 -0.1520322849104075 0.01656933792838329
 0.7663252903112002 -0.1286093611968056 -0.1542292391632294 0.1882072916908522
 0.3978474186857605 -0.0891236095109865 -0.1494621905459445 -0.03968888996793767
 -0.6877825230913972 0.1382375002904167 0.1553667213214009 -0.23398424534978
 -0.3837546809843297 -0.007639790684888246 0.2263818941054423 0.417442272880363
 -0.5551665131303841 0.08015949336018333 0.1663489118654202 0.009813973405786061
 0.3181225444609648 -0.08656077945230455 -0.1517993063425686 -0.03534279604388479
 0.6720754043973244 -0.1147349675290188 -0.1502316551672253 0.1482984711853712
 0.7000541074304411 -0.1113725827624861 -0.150362276340929 0.1257388596062199
 -0.5923035717505815 0.1314060109821462 0.151023429629567 -0.2200388075280503
 -0.4333117465616093 0.03113564512627516 0.2002926748229457 0.2275944622212338
 -0.5097252365594115 0.04254330241867302 0.1960035175250001 0.1830097376659187
 -6.107099523240444 1.518689598774078 1.120110394174573 -1.651527018996949
 0.5787392883608186 -0.0980853042924006 -0.1492205365901378 0.09426636699625807
 0.8145450432258143 -0.1319659618166944 -0.1560323837420376 0.1925026306157664
 -0.7175097611501069 0.3727694732060186 0.1264278386349033 -0.2842898308964779
 -0.5435343786313918 0.08941966120392432 0.1627382046695794 -0.0299176372865653
 -0.4395077433653606 -0.00115511345852545 0.2279387709076411 0.3908289319325669
 -2.476436670268956 0.3991870980654287 0.7267765664650313 -0.4246191983813532
 0.499357716815269 -0.08636273838997423 -0.151129498992967 0.04090215031926556
 0.803810806105252 -0.1324556437367853 -0.1562139560785105 0.1989231954267797
 -3.115240234544573 0.7294238156695362 -0.6319369423805939 0.06456743394140194
 -0.6550642714052763 0.1291769706886403 0.1531026749872633 -0.1943208635107005
 -0.3885730186546164 -0.01498623961766855 0.2319625427899677 0.4549571177720068
 -0.5356981093393001 0.08656257225767296 0.1595732177287573 -0.02413046515760357
 0.4055577657345094 -0.07899559307644355 -0.1525853106797078 -0.01013416033104236
 0.7233598263416496 -0.1230550482346602 -0.1520663383598373 0.1719596317066188
 0.5167471962233749 -0.08937027251593754 -0.1527003584385772 0.0001080930707497429
 -0.6783470052326724 0.139785394766156 0.1557384530102605 -0.2448391239746697
 -0.3971956234217732 0.006615440934335109 0.2171610440732312 0.3462402952587716
 -0.5398652649121867 0.06542692492449409 0.1774735481782405 0.07704104567245151
 0.2244996813568939 -0.09210671242777632 -0.1436675609190806 -0.03525913655072058
 0.6271513356618046 -0.1067438445136437 -0.1493140238923971 0.124015913496886
 0.7555934374875929 -0.1236701352143003 -0.1589275571838344 0.1589885448407983


# name: Theta2
# type: matrix
# rows: 2
# columns: 51
 0.4833756368805389 1.071189184411224 0.9729722846339475 1.04522207165004 -0.477437496434993 -0.8161061223186424 -0.7707258352765165 -0.09311317415359437 0.9786251279649356 1.052153443565016 -2.465114254128521 -0.7878319330142618 -0.835163047265275 -1.274113900049707 1.026690958800401 1.027704490118078 0.6103234539291387 -0.7421040868212216 -0.8422967628031069 -0.5104981299647375 1.074949995436403 0.9871151927086859 1.030394191612806 -0.6181727526908315 -0.8273697299473117 -0.7241067492561114 1.026488873973078 0.969667260841384 1.051569912387182 -3.269591023657244 -0.8041068573642149 -0.8143933289615474 -0.6275436819730862 0.9973631088563757 1.04484106115811 -1.490806892551952 -0.7701362916932561 -0.8426982250556631 -2.218597785515476 1.053633043830757 1.008158377068981 0.991022912814118 -0.7001031549148267 -0.836336670612873 -0.6052512455877906 1.073120467740976 0.9741250569773459 1.044007732674922 -0.5093339943387378 -0.8175587832282747 -0.7614784084511625
 -0.3100376392205569 -1.101358567400223 -1.05267957814798 -0.9559456878671245 0.4734737022790897 0.7300035222523159 0.8454679585067576 0.0990836733628562 -1.082241031147066 -0.9995971028137217 2.46728562989383 0.6909718542543039 0.8675818802683026 1.308077237734465 -1.122164164439069 -1.029404584171172 -0.5379778313621888 0.664761580550162 0.8209035430969808 0.6034862164115128 -1.132930983011415 -1.043480569138452 -0.9339586325977246 0.581703023219648 0.7585906128501073 0.8154759631138365 -1.030914821409999 -1.064289792950724 -0.9761889967812085 3.240051203995896 0.7091450362947275 0.8721448141983862 0.6458397511801406 -1.10125091787285 -1.016606262868874 1.523851940881692 0.6789123717864441 0.8501187094560831 2.225287683388671 -1.134630208413288 -1.036475339230296 -0.8966491113726801 0.6399935488678361 0.7910277118377106 0.703178830536614 -1.106724760608903 -1.05140655962525 -0.9534008408135463 0.5006030238467407 0.7331150734251147 0.8377303917292036


